salary
63940.68
48567.62
141469.62
140096.4
89316.78
128210.82
103076.43
58176.0
128616.31
31518.26
119238.65
70500.07
82856.26
66272.11
37314.91
74282.45
137737.36
105293.53
112641.36
112837.62
65925.45
144794.95
43008.31
98235.54
110803.75
77815.92
53074.63
58642.31
39119.58
120105.34
38818.89
119398.68
141942.27
123747.97
133411.72
37909.42
147629.36
119145.73
106174.17
40221.71
114914.6
49756.45
81623.92
113665.01
58962.73
138408.44
58172.43
81016.68
64733.66
123783.03
70301.7
48114.89
73015.6
93702.28
41010.92
122027.77
53332.23
97349.41
105049.05
97308.82
75591.28
62016.69
47573.31
141490.11
60134.55
47174.13
81211.68
59976.77
84579.11
