age,join_date,city_Austin,city_Boston,city_Chicago,city_Denver,city_Houston,city_Miami,city_New York,city_Phoenix,city_Seattle,department_Engineering,department_Finance,department_HR,department_IT,department_Marketing,department_Operations,department_Sales,department_Support,join_year,join_month,join_day
37.0,2022-06-11,0,0,0,1,0,0,0,0,0,1,0,0,0,0,0,0,0,2022,6,11
52.0,2015-02-10,1,0,0,0,0,0,0,0,0,0,0,1,0,0,0,0,0,2015,2,10
47.0,2016-04-08,0,0,0,0,0,1,0,0,0,0,0,0,1,0,0,0,0,2016,4,8
55.0,2022-10-27,0,0,0,0,0,1,0,0,0,0,0,0,0,0,0,0,1,2022,10,27
41.0,2024-12-09,0,0,0,0,0,0,0,0,1,0,1,0,0,0,0,0,0,2024,12,9
41.0,2018-08-20,0,0,0,0,0,0,1,0,0,0,0,0,0,0,0,1,0,2018,8,20
60.0,2022-01-04,0,0,0,0,0,0,1,0,0,0,0,0,0,0,0,0,1,2022,1,4
27.0,2021-11-04,0,1,0,0,0,0,0,0,0,0,0,0,0,1,0,0,0,2021,11,4
23.0,2022-07-21,0,0,0,0,0,0,0,0,1,0,0,1,0,0,0,0,0,2022,7,21
61.0,2017-12-17,0,0,0,0,1,0,0,0,0,0,0,0,0,0,1,0,0,2017,12,17
48.0,2018-05-15,0,0,0,0,0,1,0,0,0,0,0,0,1,0,0,0,0,2018,5,15
49.0,2015-12-18,0,0,1,0,0,0,0,0,0,0,0,0,1,0,0,0,0,2015,12,18
50.0,2022-02-19,0,0,1,0,0,0,0,0,0,0,0,0,0,0,1,0,0,2022,2,19
43.0,2022-02-28,1,0,0,0,0,0,0,0,0,0,0,0,0,1,0,0,0,2022,2,28
57.0,2015-09-03,0,0,0,0,0,1,0,0,0,0,0,0,0,1,0,0,0,2015,9,3
43.5,2019-05-08,0,0,0,1,0,0,0,0,0,0,1,0,0,0,0,0,0,2019,5,8
43.5,2021-12-06,0,1,0,0,0,0,0,0,0,0,0,0,0,0,0,0,1,2021,12,6
27.0,2019-09-28,0,0,0,1,0,0,0,0,0,1,0,0,0,0,0,0,0,2019,9,28
27.0,2015-02-10,0,0,1,0,0,0,0,0,0,0,0,0,0,0,0,1,0,2015,2,10
60.0,2024-06-19,0,0,0,0,0,0,0,1,0,0,0,0,0,0,1,0,0,2024,6,19
20.0,2019-10-07,0,0,0,0,1,0,0,0,0,0,1,0,0,0,0,0,0,2019,10,7
43.5,2019-10-10,0,1,0,0,0,0,0,0,0,0,0,0,0,0,0,1,0,2019,10,10
36.0,2016-07-19,0,0,1,0,0,0,0,0,0,1,0,0,0,0,0,0,0,2016,7,19
47.0,2017-04-06,1,0,0,0,0,0,0,0,0,1,0,0,0,0,0,0,0,2017,4,6
49.0,2018-09-15,0,0,0,0,0,0,0,1,0,0,0,1,0,0,0,0,0,2018,9,15
62.0,2020-01-04,0,1,0,0,0,0,0,0,0,1,0,0,0,0,0,0,0,2020,1,4
43.5,2021-05-15,0,0,0,0,0,0,0,1,0,1,0,0,0,0,0,0,0,2021,5,15
62.0,2015-02-10,0,0,0,0,0,0,0,0,1,1,0,0,0,0,0,0,0,2015,2,10
45.0,2020-09-14,0,0,1,0,0,0,0,0,0,0,0,0,0,0,0,1,0,2020,9,14
63.0,2023-03-17,0,0,0,0,0,0,1,0,0,0,1,0,0,0,0,0,0,2023,3,17
51.0,2020-07-20,1,0,0,0,0,0,0,0,0,1,0,0,0,0,0,0,0,2020,7,20
28.0,2018-03-17,0,1,0,0,0,0,0,0,0,0,0,0,0,0,0,0,1,2018,3,17
44.0,2022-12-26,0,0,0,0,0,0,1,0,0,0,0,0,0,0,0,0,1,2022,12,26
61.0,2017-08-22,0,0,0,0,1,0,0,0,0,0,0,1,0,0,0,0,0,2017,8,22
24.0,2024-07-23,0,0,1,0,0,0,0,0,0,0,0,0,0,0,1,0,0,2024,7,23
23.0,2020-02-19,0,0,1,0,0,0,0,0,0,0,0,0,0,1,0,0,0,2020,2,19
46.0,2017-02-09,0,0,1,0,0,0,0,0,0,1,0,0,0,0,0,0,0,2017,2,9
40.0,2024-05-04,0,0,1,0,0,0,0,0,0,1,0,0,0,0,0,0,0,2024,5,4
57.0,2017-06-14,0,0,0,0,0,0,0,0,1,1,0,0,0,0,0,0,0,2017,6,14
56.0,2023-07-15,0,0,1,0,0,0,0,0,0,0,0,1,0,0,0,0,0,2023,7,15
22.0,2021-07-25,0,0,0,0,0,0,0,0,1,0,1,0,0,0,0,0,0,2021,7,25
45.0,2022-03-07,0,1,0,0,0,0,0,0,0,1,0,0,0,0,0,0,0,2022,3,7
43.5,2021-06-27,0,0,0,1,0,0,0,0,0,0,0,1,0,0,0,0,0,2021,6,27
40.0,2021-09-27,0,0,1,0,0,0,0,0,0,0,1,0,0,0,0,0,0,2021,9,27
32.0,2015-02-10,0,0,0,1,0,0,0,0,0,0,0,0,1,0,0,0,0,2015,2,10
60.0,2020-12-14,0,0,1,0,0,0,0,0,0,0,1,0,0,0,0,0,0,2020,12,14
59.0,2017-12-10,0,0,1,0,0,0,0,0,0,0,0,0,1,0,0,0,0,2017,12,10
62.0,2015-02-10,0,0,1,0,0,0,0,0,0,0,0,0,0,0,0,1,0,2015,2,10
28.0,2023-12-08,0,0,0,0,1,0,0,0,0,0,0,0,0,0,1,0,0,2023,12,8
24.0,2021-06-21,0,0,0,0,0,0,0,0,1,1,0,0,0,0,0,0,0,2021,6,21
35.0,2016-07-14,0,0,0,0,1,0,0,0,0,0,0,1,0,0,0,0,0,2016,7,14
40.0,2020-09-03,0,0,1,0,0,0,0,0,0,0,0,0,0,0,0,1,0,2020,9,3
23.0,2017-02-20,0,0,0,0,1,0,0,0,0,0,0,0,0,1,0,0,0,2017,2,20
54.0,2022-02-05,0,0,0,0,0,0,0,0,1,1,0,0,0,0,0,0,0,2022,2,5
60.0,2015-02-10,0,0,0,0,1,0,0,0,0,0,0,0,0,0,0,0,1,2015,2,10
49.0,2015-02-10,1,0,0,0,0,0,0,0,0,1,0,0,0,0,0,0,0,2015,2,10
43.5,2018-03-26,0,0,1,0,0,0,0,0,0,0,0,0,0,0,1,0,0,2018,3,26
58.0,2020-05-05,0,0,0,0,1,0,0,0,0,0,0,0,0,0,1,0,0,2020,5,5
59.0,2015-02-10,0,0,0,1,0,0,0,0,0,0,0,0,1,0,0,0,0,2015,2,10
55.0,2017-07-05,0,0,0,0,0,0,0,0,1,1,0,0,0,0,0,0,0,2017,7,5
26.0,2021-02-18,0,0,0,0,0,1,0,0,0,1,0,0,0,0,0,0,0,2021,2,18
46.0,2020-05-27,0,0,0,0,0,0,0,1,0,0,0,0,1,0,0,0,0,2020,5,27
35.0,2015-02-10,0,0,0,1,0,0,0,0,0,0,0,0,1,0,0,0,0,2015,2,10
43.5,2017-03-19,0,0,0,0,0,0,0,0,1,0,0,0,0,0,0,1,0,2017,3,19
52.0,2017-11-09,0,0,0,0,0,0,1,0,0,0,0,0,0,0,0,0,1,2017,11,9
43.5,2017-02-15,1,0,0,0,0,0,0,0,0,1,0,0,0,0,0,0,0,2017,2,15
26.0,2016-07-04,0,0,1,0,0,0,0,0,0,1,0,0,0,0,0,0,0,2016,7,4
37.0,2018-03-14,0,0,0,0,0,0,1,0,0,1,0,0,0,0,0,0,0,2018,3,14
55.0,2022-07-02,0,0,0,0,0,0,1,0,0,1,0,0,0,0,0,0,0,2022,7,2
