age,city_Austin,city_Boston,city_Chicago,city_Denver,city_Houston,city_Miami,city_New York,city_Phoenix,city_Seattle,department_Engineering,department_Finance,department_HR,department_IT,department_Marketing,department_Operations,department_Sales,department_Support,join_year,join_month,join_day
37.0,0,0,0,1,0,0,0,0,0,1,0,0,0,0,0,0,0,2022,6,11
52.0,1,0,0,0,0,0,0,0,0,0,0,1,0,0,0,0,0,2015,2,10
47.0,0,0,0,0,0,1,0,0,0,0,0,0,1,0,0,0,0,2016,4,8
55.0,0,0,0,0,0,1,0,0,0,0,0,0,0,0,0,0,1,2022,10,27
41.0,0,0,0,0,0,0,0,0,1,0,1,0,0,0,0,0,0,2024,12,9
41.0,0,0,0,0,0,0,1,0,0,0,0,0,0,0,0,1,0,2018,8,20
60.0,0,0,0,0,0,0,1,0,0,0,0,0,0,0,0,0,1,2022,1,4
27.0,0,1,0,0,0,0,0,0,0,0,0,0,0,1,0,0,0,2021,11,4
23.0,0,0,0,0,0,0,0,0,1,0,0,1,0,0,0,0,0,2022,7,21
61.0,0,0,0,0,1,0,0,0,0,0,0,0,0,0,1,0,0,2017,12,17
48.0,0,0,0,0,0,1,0,0,0,0,0,0,1,0,0,0,0,2018,5,15
49.0,0,0,1,0,0,0,0,0,0,0,0,0,1,0,0,0,0,2015,12,18
50.0,0,0,1,0,0,0,0,0,0,0,0,0,0,0,1,0,0,2022,2,19
43.0,1,0,0,0,0,0,0,0,0,0,0,0,0,1,0,0,0,2022,2,28
57.0,0,0,0,0,0,1,0,0,0,0,0,0,0,1,0,0,0,2015,9,3
43.5,0,0,0,1,0,0,0,0,0,0,1,0,0,0,0,0,0,2019,5,8
43.5,0,1,0,0,0,0,0,0,0,0,0,0,0,0,0,0,1,2021,12,6
27.0,0,0,0,1,0,0,0,0,0,1,0,0,0,0,0,0,0,2019,9,28
27.0,0,0,1,0,0,0,0,0,0,0,0,0,0,0,0,1,0,2015,2,10
60.0,0,0,0,0,0,0,0,1,0,0,0,0,0,0,1,0,0,2024,6,19
20.0,0,0,0,0,1,0,0,0,0,0,1,0,0,0,0,0,0,2019,10,7
43.5,0,1,0,0,0,0,0,0,0,0,0,0,0,0,0,1,0,2019,10,10
36.0,0,0,1,0,0,0,0,0,0,1,0,0,0,0,0,0,0,2016,7,19
47.0,1,0,0,0,0,0,0,0,0,1,0,0,0,0,0,0,0,2017,4,6
49.0,0,0,0,0,0,0,0,1,0,0,0,1,0,0,0,0,0,2018,9,15
62.0,0,1,0,0,0,0,0,0,0,1,0,0,0,0,0,0,0,2020,1,4
43.5,0,0,0,0,0,0,0,1,0,1,0,0,0,0,0,0,0,2021,5,15
62.0,0,0,0,0,0,0,0,0,1,1,0,0,0,0,0,0,0,2015,2,10
45.0,0,0,1,0,0,0,0,0,0,0,0,0,0,0,0,1,0,2020,9,14
63.0,0,0,0,0,0,0,1,0,0,0,1,0,0,0,0,0,0,2023,3,17
51.0,1,0,0,0,0,0,0,0,0,1,0,0,0,0,0,0,0,2020,7,20
28.0,0,1,0,0,0,0,0,0,0,0,0,0,0,0,0,0,1,2018,3,17
44.0,0,0,0,0,0,0,1,0,0,0,0,0,0,0,0,0,1,2022,12,26
61.0,0,0,0,0,1,0,0,0,0,0,0,1,0,0,0,0,0,2017,8,22
24.0,0,0,1,0,0,0,0,0,0,0,0,0,0,0,1,0,0,2024,7,23
23.0,0,0,1,0,0,0,0,0,0,0,0,0,0,1,0,0,0,2020,2,19
46.0,0,0,1,0,0,0,0,0,0,1,0,0,0,0,0,0,0,2017,2,9
40.0,0,0,1,0,0,0,0,0,0,1,0,0,0,0,0,0,0,2024,5,4
57.0,0,0,0,0,0,0,0,0,1,1,0,0,0,0,0,0,0,2017,6,14
56.0,0,0,1,0,0,0,0,0,0,0,0,1,0,0,0,0,0,2023,7,15
22.0,0,0,0,0,0,0,0,0,1,0,1,0,0,0,0,0,0,2021,7,25
45.0,0,1,0,0,0,0,0,0,0,1,0,0,0,0,0,0,0,2022,3,7
43.5,0,0,0,1,0,0,0,0,0,0,0,1,0,0,0,0,0,2021,6,27
40.0,0,0,1,0,0,0,0,0,0,0,1,0,0,0,0,0,0,2021,9,27
32.0,0,0,0,1,0,0,0,0,0,0,0,0,1,0,0,0,0,2015,2,10
60.0,0,0,1,0,0,0,0,0,0,0,1,0,0,0,0,0,0,2020,12,14
59.0,0,0,1,0,0,0,0,0,0,0,0,0,1,0,0,0,0,2017,12,10
62.0,0,0,1,0,0,0,0,0,0,0,0,0,0,0,0,1,0,2015,2,10
28.0,0,0,0,0,1,0,0,0,0,0,0,0,0,0,1,0,0,2023,12,8
24.0,0,0,0,0,0,0,0,0,1,1,0,0,0,0,0,0,0,2021,6,21
35.0,0,0,0,0,1,0,0,0,0,0,0,1,0,0,0,0,0,2016,7,14
40.0,0,0,1,0,0,0,0,0,0,0,0,0,0,0,0,1,0,2020,9,3
23.0,0,0,0,0,1,0,0,0,0,0,0,0,0,1,0,0,0,2017,2,20
54.0,0,0,0,0,0,0,0,0,1,1,0,0,0,0,0,0,0,2022,2,5
60.0,0,0,0,0,1,0,0,0,0,0,0,0,0,0,0,0,1,2015,2,10
49.0,1,0,0,0,0,0,0,0,0,1,0,0,0,0,0,0,0,2015,2,10
43.5,0,0,1,0,0,0,0,0,0,0,0,0,0,0,1,0,0,2018,3,26
58.0,0,0,0,0,1,0,0,0,0,0,0,0,0,0,1,0,0,2020,5,5
59.0,0,0,0,1,0,0,0,0,0,0,0,0,1,0,0,0,0,2015,2,10
55.0,0,0,0,0,0,0,0,0,1,1,0,0,0,0,0,0,0,2017,7,5
26.0,0,0,0,0,0,1,0,0,0,1,0,0,0,0,0,0,0,2021,2,18
46.0,0,0,0,0,0,0,0,1,0,0,0,0,1,0,0,0,0,2020,5,27
35.0,0,0,0,1,0,0,0,0,0,0,0,0,1,0,0,0,0,2015,2,10
43.5,0,0,0,0,0,0,0,0,1,0,0,0,0,0,0,1,0,2017,3,19
52.0,0,0,0,0,0,0,1,0,0,0,0,0,0,0,0,0,1,2017,11,9
43.5,1,0,0,0,0,0,0,0,0,1,0,0,0,0,0,0,0,2017,2,15
26.0,0,0,1,0,0,0,0,0,0,1,0,0,0,0,0,0,0,2016,7,4
37.0,0,0,0,0,0,0,1,0,0,1,0,0,0,0,0,0,0,2018,3,14
55.0,0,0,0,0,0,0,1,0,0,1,0,0,0,0,0,0,0,2022,7,2
